455107
459132
474573
474511
474551
463448
474603
474589
474530
467897
451506
841601
474615
831662
834976
830800
832820
474629
837569
839444
457259
461295
474540
465593
467896
474575
474591
474608
452667
474616
474558
835842
832819
474561
474625
837570
842465
839443
844654
845520
847246
851563
849550
850702
848397
474375
474408
474400
474452
474216
474312
474168
474146
474353
474133
474162
474226
474260
474281
474194
474267
474490
474335
474242
474296
474325
474425
474428
474462
474388
473770
473827
473944
473786
473813
473969
474020
474108
474125
473852
473912
473999
474058
473800
473907
474095
474009
474038
473883
474086
473869
473926
473949
474063
473987
473849
474082
474105
473779
473793
473808
473882
473934
473919
473967
474068
473768
473818
473830
474017
474056
473848
473887
473896
474004
474035
473948
474092
473982
473991
473363
473514
473576
473610
473630
473691
473441
473421
473605
473546
473559
473496
473585
473725
473469
473668
473707
473531
473675
473641
473762
473742
473739
473659
473432
473831
473761
473797
473985
474025
473857
473928
473968
474054
474083
473843
473878
474121
474096
473820
474068
473899
474009
474110
474132
473886
473937
474042
473909
473997
474145
474178
474224
474408
474458
474165
474201
474358
474252
474287
474336
474434
474214
474389
474492
474298
474313
474489
474420
474470
474275
474190
474376
474444
474264
455105
461294
474543
474600
465591
474513
474557
474585
467895
452667
474630
830509
831661
474623
474561
474522
474216
474360
474230
474209
474318
474387
474417
474151
474506
474177
474280
474491
474467
474241
474266
474389
474342
474293
474328
474431
474451
474160
474372
474131
474394
474507
474281
474302
474327
474412
474176
474496
474218
474204
474241
474223
474359
474439
474290
474263
474305
474346
474427
474464
474471
474190
474372
474386
474445
473359
473424
473652
473690
473685
473700
473555
473516
473473
473607
473454
473546
473663
473505
473744
473439
473495
473463
473528
473564
473589
473729
473603
473621
473759
473464
473563
473584
473627
473369
473678
473532
473423
473711
473442
473452
473499
473549
473651
473666
473692
473488
473737
473603
473512
473570
473638
473752
473734
473410
473813
474072
474044
474028
473824
473913
473972
473900
474139
473840
473891
474090
473796
473863
473929
474152
473941
473877
474000
473956
474103
474120
474166
473987
474023
467898
473365
473422
473435
473579
473645
473735
473480
473741
473471
473600
473522
473457
473537
473551
473565
473636
473595
473510
473658
473619
473709
473688
473721
473673
473753
459139
463449
474597
474565
474525
474600
474582
474612
474553
451511
452668
474638
846095
834978
832818
844943
837568
843183
839441
841600
846955
850125
848973
851564
847821
